1403636581.063555 0.051813 0.051813 0.005489 0.001211 0.000096 0.000050 
1403636581.163556 0.052743 0.052743 0.005561 0.001291 0.000099 0.000057 
1403636581.313555 0.055890 0.055890 0.005802 0.001731 0.000120 0.000075 
1403636581.463556 0.065048 0.065047 0.006599 0.003219 0.000143 0.000108 
1403636581.613555 0.074986 0.074985 0.007730 0.003838 0.000163 0.000129 
1403636581.713556 0.077232 0.077230 0.007972 0.003824 0.000175 0.000137 
1403636581.863556 0.079414 0.079413 0.008187 0.003826 0.000190 0.000141 
1403636581.963556 0.081538 0.081537 0.008388 0.003847 0.000206 0.000143 
1403636582.113555 0.083608 0.083606 0.008573 0.003931 0.000218 0.000144 
1403636582.213556 0.085628 0.085626 0.008739 0.004142 0.000229 0.000146 
1403636582.363556 0.113507 0.113504 0.011538 0.005127 0.000316 0.000185 
1403636582.513556 0.162297 0.162295 0.016564 0.005873 0.000350 0.000222 
1403636582.663556 0.300417 0.300412 0.030457 0.008697 0.000431 0.000288 
1403636582.763556 0.330618 0.330614 0.033520 0.009838 0.000552 0.000416 
1403636582.863556 0.639873 0.639866 0.066476 0.013846 0.000629 0.000509 
1403636582.963556 0.642785 0.642778 0.066623 0.015663 0.000644 0.000508 
1403636583.113555 0.670594 0.670586 0.069986 0.017114 0.000832 0.000572 
1403636583.213556 0.764272 0.764262 0.081055 0.018946 0.001148 0.000673 
1403636583.363556 0.900380 0.900370 0.095671 0.020877 0.001592 0.000754 
1403636583.513556 0.900995 0.900985 0.095738 0.020856 0.001605 0.000769 
1403636583.663556 0.901609 0.901600 0.095806 0.020908 0.001614 0.000776 
1403636583.813555 0.902223 0.902214 0.095851 0.020958 0.001620 0.000783 
1403636583.963556 0.902837 0.902827 0.095885 0.021031 0.001621 0.000789 
1403636584.113555 0.909469 0.909459 0.096342 0.022362 0.001621 0.000799 
1403636584.213556 0.918393 0.918383 0.096935 0.024417 0.001641 0.000809 
1403636584.363556 0.955390 0.955377 0.100038 0.026775 0.001672 0.000822 
1403636584.463556 1.043013 1.042999 0.107985 0.029806 0.001768 0.000921 
1403636584.563555 1.393620 1.393601 0.141576 0.042996 0.002504 0.001181 
1403636584.663556 1.393655 1.393636 0.141575 0.042853 0.002508 0.001182 
1403636584.763556 1.443001 1.442981 0.147034 0.046384 0.002859 0.001861 
1403636584.863556 1.587619 1.587597 0.163503 0.052572 0.003604 0.002878 
1403636585.013556 1.587726 1.587705 0.163529 0.052667 0.003601 0.002875 
1403636585.163556 1.635478 1.635456 0.168330 0.052803 0.003929 0.002999 
1403636585.313555 1.761310 1.761288 0.180588 0.054129 0.004367 0.003214 
1403636585.463556 1.761625 1.761602 0.180616 0.054063 0.004376 0.003221 
1403636585.613555 1.761939 1.761916 0.180633 0.053965 0.004387 0.003228 
1403636585.713556 1.762036 1.762014 0.180636 0.053911 0.004385 0.003229 
1403636585.863556 1.762967 1.762945 0.180712 0.053956 0.004391 0.003232 
1403636586.013556 1.765617 1.765594 0.180953 0.054056 0.004411 0.003246 
1403636586.163556 1.770914 1.770890 0.181444 0.054116 0.004463 0.003266 
1403636586.313555 1.771226 1.771203 0.181467 0.054039 0.004521 0.003270 
1403636586.463556 1.791338 1.791314 0.183473 0.054063 0.004662 0.003340 
1403636586.613555 1.877684 1.877659 0.192370 0.054202 0.004923 0.003553 
1403636586.713556 2.071394 2.071367 0.212809 0.054522 0.005237 0.003915 
1403636586.863556 2.071477 2.071450 0.212819 0.054575 0.005279 0.003918 
1403636587.013556 2.142930 2.142901 0.220840 0.056308 0.006012 0.004537 
1403636587.163556 2.314829 2.314799 0.239548 0.057452 0.007245 0.005648 
1403636587.313555 2.315068 2.315038 0.239577 0.057498 0.007331 0.005648 
1403636587.463556 2.345320 2.345291 0.242181 0.059470 0.007584 0.005754 
1403636587.563555 2.437017 2.436986 0.250286 0.064725 0.007832 0.005855 
1403636587.663556 2.437037 2.437006 0.250282 0.064692 0.007841 0.005857 
1403636587.763556 2.468208 2.468167 0.253196 0.065630 0.009477 0.005882 
1403636587.863556 2.553129 2.553054 0.261245 0.067367 0.013883 0.005909 
1403636587.963556 2.553148 2.553073 0.261223 0.067148 0.013891 0.005912 
1403636588.113555 2.575767 2.575669 0.263435 0.067704 0.016947 0.006015 
1403636588.213556 2.575833 2.575735 0.263432 0.067618 0.016960 0.006017 
1403636588.363556 2.584357 2.584249 0.264252 0.067561 0.018310 0.006042 
1403636588.513556 2.611168 2.611028 0.266865 0.067676 0.021795 0.006090 
1403636588.663556 2.611380 2.611239 0.266869 0.067465 0.021817 0.006097 
1403636588.813555 2.651754 2.651571 0.270826 0.067909 0.025660 0.006108 
1403636588.963556 2.651963 2.651780 0.270833 0.067736 0.025681 0.006114 
1403636589.113555 2.652171 2.651988 0.270844 0.067618 0.025700 0.006118 
1403636589.213556 2.652511 2.652327 0.270878 0.067669 0.025728 0.006120 
1403636589.363556 2.653546 2.653362 0.270974 0.067585 0.025820 0.006126 
1403636589.463556 2.727385 2.727129 0.278282 0.069165 0.031290 0.006266 
1403636589.563555 2.727403 2.727147 0.278282 0.069148 0.031292 0.006267 
1403636589.663556 2.756716 2.756435 0.281205 0.069471 0.033110 0.006657 
1403636589.763556 2.862413 2.862051 0.291774 0.071585 0.038246 0.008036 
1403636589.863556 2.862430 2.862068 0.291768 0.071469 0.038233 0.008036 
1403636589.963556 2.862447 2.862085 0.291768 0.071477 0.038238 0.008039 
1403636590.063555 2.862463 2.862102 0.291767 0.071392 0.038233 0.008043 
1403636590.163556 2.862480 2.862119 0.291770 0.071386 0.038229 0.008045 
1403636590.313555 2.865441 2.865076 0.292066 0.071469 0.038343 0.008107 
1403636590.463556 2.908308 2.907948 0.295983 0.075117 0.039510 0.008248 
1403636590.613555 2.909583 2.909221 0.296102 0.074955 0.039553 0.008258 
1403636590.713556 2.912278 2.911915 0.296367 0.074843 0.039655 0.008259 
1403636590.863556 2.917806 2.917439 0.296911 0.074675 0.039880 0.008271 
1403636591.013556 2.917996 2.917629 0.296927 0.074598 0.039882 0.008273 
1403636591.163556 2.918185 2.917818 0.296944 0.074546 0.039885 0.008280 
1403636591.313555 2.958790 2.958396 0.301017 0.074821 0.041509 0.008310 
1403636591.463556 2.958977 2.958582 0.301022 0.074517 0.041500 0.008318 
1403636591.613555 2.962382 2.961986 0.301359 0.074455 0.041612 0.008341 
1403636591.713556 3.104291 3.103815 0.315627 0.076353 0.046026 0.008508 
1403636591.863556 3.104346 3.103870 0.315630 0.076288 0.046008 0.008510 
1403636592.013556 3.104525 3.104049 0.315639 0.076058 0.045977 0.008511 
1403636592.163556 3.104703 3.104227 0.315654 0.076002 0.045978 0.008520 
1403636592.313555 3.104881 3.104405 0.315665 0.075857 0.045957 0.008537 
1403636592.463556 3.148099 3.147603 0.320014 0.076766 0.046981 0.008821 
1403636592.563555 3.148154 3.147657 0.320018 0.076703 0.046973 0.008826 
1403636592.663556 3.150806 3.150309 0.320284 0.076711 0.047028 0.008829 
1403636592.813555 3.160162 3.159660 0.321229 0.076847 0.047274 0.008847 
1403636592.913555 3.160216 3.159714 0.321235 0.076838 0.047274 0.008846 
1403636593.013556 3.270773 3.270222 0.332335 0.080311 0.049259 0.010900 
1403636593.113555 3.272186 3.271635 0.332480 0.080422 0.049290 0.010899 
1403636593.213556 3.278445 3.277892 0.333106 0.080535 0.049347 0.010936 
1403636593.363556 3.278497 3.277944 0.333111 0.080534 0.049350 0.010945 
1403636593.513556 3.301884 3.301330 0.335452 0.080819 0.049495 0.011387 
1403636593.663556 3.365981 3.365425 0.341877 0.081592 0.049919 0.012825 
1403636593.813555 3.366146 3.365590 0.341893 0.081609 0.049918 0.012848 
1403636593.863556 3.366154 3.365598 0.341894 0.081602 0.049919 0.012849 
1403636593.963556 3.368456 3.367899 0.342125 0.081697 0.049952 0.012896 
1403636594.063555 3.385595 3.385033 0.343854 0.081902 0.050230 0.012986 
1403636594.163556 3.385610 3.385048 0.343855 0.081898 0.050222 0.012983 
1403636594.313555 3.385660 3.385098 0.343860 0.081908 0.050219 0.012978 
1403636594.463556 3.385823 3.385262 0.343875 0.081870 0.050208 0.012993 
1403636594.613555 3.385987 3.385425 0.343891 0.081878 0.050211 0.013024 
1403636594.713556 3.439247 3.438682 0.349251 0.083056 0.050552 0.015441 
1403636594.863556 3.443326 3.442761 0.349664 0.083415 0.050601 0.016100 
1403636595.013556 3.547821 3.547250 0.360196 0.085436 0.051038 0.018996 
1403636595.113555 3.547869 3.547298 0.360202 0.085484 0.051044 0.018990 
1403636595.213556 3.547882 3.547312 0.360203 0.085456 0.051029 0.018988 
1403636595.313555 3.547896 3.547325 0.360201 0.085332 0.050982 0.018996 
1403636595.413555 3.547910 3.547339 0.360202 0.085321 0.050981 0.018996 
1403636595.513556 3.554532 3.553961 0.360872 0.085621 0.051109 0.019580 
1403636595.663556 3.554580 3.554010 0.360878 0.085628 0.051117 0.019584 
1403636595.763556 3.554629 3.554058 0.360883 0.085628 0.051119 0.019591 
1403636595.863556 3.574900 3.574329 0.362931 0.087517 0.051328 0.022251 
1403636595.963556 3.576192 3.575621 0.363063 0.087644 0.051345 0.022360 
1403636596.063555 3.581918 3.581346 0.363643 0.088219 0.051466 0.022749 
