1403636581.063555 0.272469 9.507817 2.400684 0.173528 9.238528 3.294782 
1403636581.163556 0.318364 9.453222 2.602181 0.172763 9.237624 3.297355 
1403636581.313555 1.366603 9.059838 3.505401 0.170033 9.235033 3.304750 
1403636581.463556 0.850189 9.186564 3.334715 0.145735 9.234628 3.307040 
1403636581.613555 1.383318 9.215958 3.064093 0.148747 9.230014 3.319762 
1403636581.713556 1.225204 9.387748 2.570054 0.151893 9.230296 3.318836 
1403636581.863556 1.368390 9.281995 2.864995 0.145871 9.230958 3.317265 
1403636581.963556 1.466560 9.308414 2.727407 0.145565 9.229820 3.320442 
1403636582.113555 1.365115 9.348450 2.641790 0.146203 9.230297 3.319088 
1403636582.213556 1.300957 9.372272 2.589237 0.145986 9.229741 3.320644 
1403636582.363556 1.443725 9.411804 2.360022 0.141963 9.233313 3.310875 
1403636582.513556 0.359628 9.370830 2.879988 0.142351 9.239697 3.292999 
1403636582.663556 3.390356 8.937898 2.203538 0.139669 9.226119 3.330964 
1403636582.763556 2.378558 9.097628 2.794950 0.140563 9.228604 3.324034 
1403636582.863556 2.340823 9.223169 2.385332 0.140837 9.228374 3.324664 
1403636582.963556 2.592906 9.177870 2.297749 0.137633 9.227986 3.325873 
1403636583.113555 2.295916 9.427740 1.443122 0.141268 9.228082 3.325455 
1403636583.213556 1.618287 9.599794 1.208805 0.149650 9.228296 3.324495 
1403636583.363556 1.577442 9.562374 1.519471 0.156134 9.228333 3.324095 
1403636583.513556 1.552087 9.572644 1.480412 0.156957 9.228118 3.324651 
1403636583.663556 1.547646 9.569715 1.503818 0.155741 9.228312 3.324169 
1403636583.813555 1.530005 9.566216 1.543602 0.155590 9.228332 3.324124 
1403636583.963556 1.508976 9.568583 1.549615 0.155766 9.228223 3.324417 
1403636584.113555 1.373596 9.589396 1.546876 0.155671 9.228596 3.323385 
1403636584.213556 1.415814 9.570717 1.622641 0.156456 9.229151 3.321807 
1403636584.363556 1.178229 9.600189 1.638372 0.154765 9.229705 3.320347 
1403636584.463556 0.983546 9.613386 1.688656 0.153916 9.229578 3.320740 
1403636584.563555 0.641242 9.585696 1.984778 0.150972 9.229732 3.320448 
1403636584.663556 0.709199 9.574929 2.013424 0.151292 9.229796 3.320253 
1403636584.763556 0.591057 9.544639 2.187837 0.151362 9.229868 3.320051 
1403636584.863556 0.381373 9.480533 2.492021 0.153370 9.230030 3.319508 
1403636585.013556 0.294424 9.480966 2.502144 0.152942 9.230426 3.318427 
1403636585.163556 0.393897 9.441449 2.634387 0.153209 9.229790 3.320185 
1403636585.313555 0.415011 9.402110 2.768428 0.152487 9.228981 3.322462 
1403636585.463556 0.417616 9.403064 2.764797 0.151830 9.228898 3.322725 
1403636585.613555 0.445574 9.404484 2.755586 0.152485 9.228816 3.322922 
1403636585.713556 0.464357 9.396303 2.780280 0.153042 9.228881 3.322716 
1403636585.863556 0.454507 9.394952 2.786468 0.153281 9.228988 3.322408 
1403636586.013556 0.471302 9.391517 2.795247 0.155252 9.229044 3.322159 
1403636586.163556 0.500895 9.391303 2.790814 0.154585 9.228908 3.322571 
1403636586.313555 0.504140 9.387873 2.801748 0.154185 9.228868 3.322701 
1403636586.463556 0.477985 9.383774 2.820005 0.154581 9.229021 3.322256 
1403636586.613555 0.578433 9.386913 2.790588 0.153900 9.229348 3.321378 
1403636586.713556 0.530299 9.375881 2.836855 0.154456 9.229132 3.321953 
1403636586.863556 0.529997 9.370002 2.856270 0.154295 9.229097 3.322058 
1403636587.013556 0.448971 9.371548 2.865069 0.154846 9.229168 3.321836 
1403636587.163556 0.387135 9.353539 2.932158 0.155816 9.228731 3.323001 
1403636587.313555 0.394818 9.349607 2.943648 0.155550 9.228826 3.322753 
1403636587.463556 0.394148 9.351231 2.938578 0.155703 9.228735 3.322999 
1403636587.563555 0.371635 9.344097 2.964093 0.156381 9.228722 3.323004 
1403636587.663556 0.374753 9.337052 2.985822 0.155953 9.228582 3.323411 
1403636587.763556 0.405381 9.300887 3.092777 0.155381 9.228443 3.323823 
1403636587.863556 0.458955 9.256190 3.216894 0.154127 9.228417 3.323955 
1403636587.963556 0.476543 9.255877 3.215241 0.153482 9.228320 3.324252 
1403636588.113555 0.420378 9.238771 3.271773 0.153332 9.228331 3.324231 
1403636588.213556 0.423219 9.238861 3.271153 0.153466 9.228306 3.324295 
1403636588.363556 0.438237 9.233308 3.284826 0.152598 9.228122 3.324845 
1403636588.513556 0.459321 9.223330 3.309880 0.151851 9.227734 3.325957 
1403636588.663556 0.481869 9.222647 3.308578 0.151481 9.227557 3.326463 
1403636588.813555 0.500666 9.215981 3.324324 0.150962 9.227060 3.327864 
1403636588.963556 0.509758 9.215768 3.323532 0.150880 9.226887 3.328349 
1403636589.113555 0.517443 9.216173 3.321223 0.151246 9.226771 3.328651 
1403636589.213556 0.505120 9.216624 3.321866 0.150986 9.226882 3.328356 
1403636589.363556 0.517369 9.216198 3.321165 0.151392 9.226773 3.328639 
1403636589.463556 0.485593 9.211221 3.339719 0.150456 9.226367 3.329809 
1403636589.563555 0.477694 9.211177 3.340979 0.150316 9.226353 3.329855 
1403636589.663556 0.463583 9.209587 3.347342 0.149640 9.226021 3.330804 
1403636589.763556 0.381714 9.206549 3.365986 0.147603 9.225316 3.332845 
1403636589.863556 0.389042 9.206662 3.364835 0.147270 9.225182 3.333232 
1403636589.963556 0.389331 9.207011 3.363849 0.147370 9.225181 3.333232 
1403636590.063555 0.380021 9.206694 3.365782 0.147753 9.225213 3.333125 
1403636590.163556 0.379437 9.206539 3.366270 0.147700 9.225204 3.333150 
1403636590.313555 0.373598 9.206115 3.368083 0.147257 9.225110 3.333431 
1403636590.463556 0.412192 9.208577 3.356832 0.147430 9.225412 3.332588 
1403636590.613555 0.421960 9.208773 3.355080 0.147325 9.225308 3.332879 
1403636590.713556 0.420952 9.208361 3.356336 0.147318 9.225241 3.333067 
1403636590.863556 0.424856 9.207799 3.357386 0.146181 9.225123 3.333442 
1403636591.013556 0.430111 9.207942 3.356325 0.146400 9.225065 3.333593 
1403636591.163556 0.443394 9.208006 3.354420 0.146997 9.225107 3.333451 
1403636591.313555 0.459630 9.206629 3.356013 0.145827 9.225056 3.333645 
1403636591.463556 0.472055 9.207054 3.353122 0.145874 9.224891 3.334099 
1403636591.613555 0.466759 9.206795 3.354574 0.145536 9.224796 3.334375 
1403636591.713556 0.492870 9.205334 3.354849 0.142698 9.224583 3.335088 
1403636591.863556 0.496700 9.204998 3.355206 0.142832 9.224486 3.335350 
1403636592.013556 0.496091 9.205003 3.355284 0.142836 9.224479 3.335373 
1403636592.163556 0.494111 9.204996 3.355593 0.142736 9.224428 3.335515 
1403636592.313555 0.497671 9.204975 3.355126 0.142653 9.224316 3.335829 
1403636592.463556 0.457928 9.204398 3.362361 0.141975 9.224238 3.336072 
1403636592.563555 0.458250 9.204427 3.362239 0.141671 9.224282 3.335965 
1403636592.663556 0.466266 9.204553 3.360791 0.141710 9.224343 3.335793 
1403636592.813555 0.479309 9.204967 3.357822 0.141170 9.224207 3.336194 
1403636592.913555 0.483632 9.205061 3.356943 0.141644 9.224165 3.336289 
1403636593.013556 0.383206 9.201455 3.379717 0.140528 9.223582 3.337947 
1403636593.113555 0.385186 9.201198 3.380193 0.141203 9.223438 3.338317 
1403636593.213556 0.386703 9.201106 3.380270 0.141474 9.223373 3.338484 
1403636593.363556 0.379114 9.200959 3.381528 0.141669 9.223343 3.338561 
1403636593.513556 0.374974 9.200704 3.382685 0.141487 9.223271 3.338765 
1403636593.663556 0.351586 9.199040 3.389713 0.140709 9.223055 3.339395 
1403636593.813555 0.351281 9.198811 3.390368 0.140590 9.223005 3.339540 
1403636593.863556 0.352091 9.198957 3.389885 0.140518 9.222998 3.339562 
1403636593.963556 0.353254 9.199089 3.389406 0.140795 9.222994 3.339560 
1403636594.063555 0.358297 9.199279 3.388364 0.141187 9.223067 3.339341 
1403636594.163556 0.353356 9.198801 3.390177 0.141149 9.223077 3.339317 
1403636594.313555 0.349683 9.198462 3.391481 0.141862 9.223133 3.339130 
1403636594.463556 0.347044 9.198176 3.392523 0.141878 9.223106 3.339206 
1403636594.613555 0.345173 9.197903 3.393457 0.141992 9.223104 3.339206 
1403636594.713556 0.317187 9.196379 3.400312 0.141341 9.223012 3.339489 
1403636594.863556 0.321368 9.196265 3.400226 0.141432 9.223020 3.339462 
1403636595.013556 0.275109 9.193242 3.412437 0.140418 9.222847 3.339983 
1403636595.113555 0.279947 9.193083 3.412472 0.140895 9.222866 3.339910 
1403636595.213556 0.279494 9.192750 3.413406 0.140846 9.222791 3.340121 
1403636595.313555 0.282094 9.192518 3.413815 0.140115 9.222678 3.340461 
1403636595.413555 0.279970 9.192446 3.414185 0.140275 9.222650 3.340533 
1403636595.513556 0.261911 9.191580 3.417949 0.140075 9.222688 3.340436 
1403636595.663556 0.260743 9.191772 3.417520 0.140521 9.222666 3.340479 
1403636595.763556 0.259887 9.191817 3.417463 0.140950 9.222647 3.340513 
1403636595.863556 0.300054 9.193325 3.410110 0.140923 9.222836 3.339993 
1403636595.963556 0.299245 9.193330 3.410167 0.140948 9.222817 3.340042 
1403636596.063555 0.298378 9.193748 3.409120 0.141510 9.222760 3.340175 
