1403636581.063555 3.991044 4.062037 
1403636581.163556 4.088201 4.145534 
1403636581.313555 4.145414 4.079335 
1403636581.463556 4.136827 4.116487 
1403636581.613555 4.158948 4.157550 
1403636581.713556 4.110869 4.182353 
1403636581.863556 4.165316 4.191237 
1403636581.963556 4.153697 4.195368 
1403636582.113555 4.132625 4.187927 
1403636582.213556 4.123862 4.187791 
1403636582.363556 4.101018 4.193412 
1403636582.513556 4.162062 4.210002 
1403636582.663556 4.088302 4.099159 
1403636582.763556 4.112322 4.066470 
1403636582.863556 4.107895 4.125618 
1403636582.963556 4.070886 4.086228 
1403636583.113555 3.980636 4.126770 
1403636583.213556 3.934163 4.173682 
1403636583.363556 3.994626 4.188078 
1403636583.513556 3.992664 4.191979 
1403636583.663556 3.988255 4.183638 
1403636583.813555 3.994781 4.185340 
1403636583.963556 3.998164 4.189181 
1403636584.113555 3.985150 4.182846 
1403636584.213556 3.991287 4.174774 
1403636584.363556 3.976680 4.170848 
1403636584.463556 3.988508 4.186883 
1403636584.563555 4.013488 4.155845 
1403636584.663556 4.031774 4.170345 
1403636584.763556 4.074932 4.199164 
1403636584.863556 4.109641 4.206900 
1403636585.013556 4.102291 4.199313 
1403636585.163556 4.124583 4.204232 
1403636585.313555 4.152174 4.214584 
1403636585.463556 4.157014 4.219964 
1403636585.613555 4.164899 4.228777 
1403636585.713556 4.173107 4.233904 
1403636585.863556 4.175969 4.236263 
1403636586.013556 4.180031 4.239371 
1403636586.163556 4.188790 4.248915 
1403636586.313555 4.196641 4.255589 
1403636586.463556 4.204163 4.261759 
1403636586.613555 4.207787 4.267407 
1403636586.713556 4.228592 4.280729 
1403636586.863556 4.226770 4.276562 
1403636587.013556 4.228501 4.279745 
1403636587.163556 4.238321 4.284282 
1403636587.313555 4.236951 4.281210 
1403636587.463556 4.242781 4.287324 
1403636587.563555 4.256207 4.298733 
1403636587.663556 4.261477 4.301369 
1403636587.763556 4.276649 4.304997 
1403636587.863556 4.316669 4.328566 
1403636587.963556 4.331878 4.343831 
1403636588.113555 4.331561 4.334161 
1403636588.213556 4.337551 4.340217 
1403636588.363556 4.355369 4.354976 
1403636588.513556 4.386499 4.380026 
1403636588.663556 4.402121 4.395431 
1403636588.813555 4.429353 4.417841 
1403636588.963556 4.442172 4.430589 
1403636589.113555 4.450597 4.439363 
1403636589.213556 4.447135 4.436018 
1403636589.363556 4.454377 4.443117 
1403636589.463556 4.456045 4.439183 
1403636589.563555 4.457607 4.440633 
1403636589.663556 4.468475 4.449636 
1403636589.763556 4.462455 4.439260 
1403636589.863556 4.471001 4.447939 
1403636589.963556 4.470193 4.447385 
1403636590.063555 4.477075 4.453964 
1403636590.163556 4.477661 4.454449 
1403636590.313555 4.478968 4.455458 
1403636590.463556 4.488665 4.469859 
1403636590.613555 4.501301 4.482564 
1403636590.713556 4.511661 4.492566 
1403636590.863556 4.529166 4.509344 
1403636591.013556 4.534577 4.514862 
1403636591.163556 4.538611 4.518839 
1403636591.313555 4.554068 4.532044 
1403636591.463556 4.576459 4.554716 
1403636591.613555 4.586927 4.564910 
1403636591.713556 4.590046 4.563513 
1403636591.863556 4.595549 4.568798 
1403636592.013556 4.614231 4.587284 
1403636592.163556 4.619058 4.592028 
1403636592.313555 4.631130 4.604067 
1403636592.463556 4.620645 4.592006 
1403636592.563555 4.626257 4.597486 
1403636592.663556 4.628390 4.599641 
1403636592.813555 4.626954 4.598812 
1403636592.913555 4.627513 4.599494 
1403636593.013556 4.624363 4.592434 
1403636593.113555 4.617125 4.585177 
1403636593.213556 4.616420 4.584302 
1403636593.363556 4.616704 4.584557 
1403636593.513556 4.617262 4.584279 
1403636593.663556 4.617958 4.581755 
1403636593.813555 4.618005 4.581620 
1403636593.863556 4.618151 4.581911 
1403636593.963556 4.617497 4.581367 
1403636594.063555 4.617930 4.581542 
1403636594.163556 4.619063 4.582240 
1403636594.313555 4.618577 4.581492 
1403636594.463556 4.622761 4.585365 
1403636594.613555 4.623566 4.585809 
1403636594.713556 4.623711 4.582585 
1403636594.863556 4.623652 4.581945 
1403636595.013556 4.623465 4.577219 
1403636595.113555 4.620172 4.573599 
1403636595.213556 4.622771 4.575926 
1403636595.313555 4.634035 4.586764 
1403636595.413555 4.634857 4.587618 
1403636595.513556 4.635869 4.588042 
1403636595.663556 4.635196 4.587729 
1403636595.763556 4.635487 4.588198 
1403636595.863556 4.639955 4.590742 
1403636595.963556 4.640331 4.591277 
1403636596.063555 4.640920 4.593044 
